97.56
98.89
98.50
98.53
98.52
98.50
98.16
98.99
98.99
98.91
99.30
98.87
98.41
98.84
98.43
97.97
98.91
99.40
99.38
98.11
97.95
97.97
98.38
98.38
98.80
97.95
97.95
98.79
98.82
97.99
98.40
98.50
98.06
98.52
98.50
98.11
98.01
97.99
98.87
98.45
97.58
98.46
98.87
98.46
97.99
98.02
98.01
97.70
98.11
97.67
98.12
98.14
98.57
98.11
98.01
98.86
99.31
98.02
97.99
98.43
97.95
98.45
98.48
98.91
98.11
98.12
99.38
98.06
98.04
98.43
98.43
98.41
98.41
98.01
97.99
98.86
99.26
98.86
98.92
98.53
98.53
98.45
98.86
98.50
98.89
98.07
98.45
98.01
98.43
97.56
98.01
98.45
98.94
98.11
98.12
98.06
98.52
97.60
98.82
98.45
97.56
97.95
99.26
97.99
98.87
98.41
98.01
98.94
98.52
98.12
99.40
97.99
98.04
98.86
98.45
98.41
98.86
98.86
97.95
98.82
98.55
98.16
98.58
99.03
98.45
98.02
97.56
98.01
98.02
98.06
97.60
98.06
98.91
98.89
98.45
98.02
98.87
98.99
99.01
98.57
98.91
98.53
98.11
98.55
98.53
98.07
98.04
99.30
98.45
98.91
98.55
98.97
98.53
97.97
97.99
98.41
98.46
98.04
98.91
98.01
97.58
98.02
98.02
98.84
98.43
98.06
98.97
98.55
98.91
98.46
97.97
97.99
98.89
97.99
99.31
98.40
99.33
98.14
98.62
98.60
98.16
98.91
98.87
99.31
98.04
98.91
98.01
98.48
98.01
97.99
98.46
98.11
98.58
99.42
98.92
99.30
98.91
99.31
97.99
98.84
97.99
98.80
98.01
98.55
98.12
98.07
99.43
98.94
98.07
98.46
97.48
98.84
97.95
98.46
98.02
98.46
99.30
98.55
98.58
99.03
98.58
98.01
98.45
98.89
98.46
98.01
97.97
98.01
98.45
97.99
98.01
98.46
98.45
98.58
98.12
98.14
98.16
98.18
98.94
98.06
98.50
98.06
98.06
97.61
98.01
98.87
98.46
98.06
98.02
98.14
98.57
97.67
98.58
98.57
98.19
98.06
97.60
98.48
98.04
98.50
97.58
97.56
98.01
97.99
98.02
98.04
98.50
98.07
98.04
98.16
98.58
99.04
98.16
98.91
98.02
98.06
98.48
98.89
97.99
99.33
98.46
98.46
98.02
98.57
98.57
98.58
98.99
98.53
99.35
98.50
98.46
98.46
98.46
98.43
98.45
98.96
98.06
98.96
98.11
98.12
98.02
97.97
97.55
97.56
97.60
98.45
98.46
98.46
98.01
98.06
98.45
98.06
98.04
98.14
98.57
98.11
98.11
98.55
98.02
97.58
98.01
98.01
97.55
97.99
97.51
97.99
97.99
98.48
98.48
98.06
98.02
98.07
98.91
98.12
98.99
98.57
98.55
98.02
98.02
98.50
98.48
98.46
98.46
98.04
98.02
98.89
98.43
98.04
98.16
98.58
98.12
98.14
97.70
98.55
98.02
98.01
97.95
98.43
98.02
98.04
98.94
98.53
98.48
98.50
98.06
98.57
98.11
98.57
98.12
98.12
97.97
98.01
98.46
97.97
98.01
98.46
98.46
97.99
98.45
98.01
98.46
98.89
99.01
98.99
98.09
98.89
98.46
98.06
98.48
98.46
98.48
98.91
98.04
98.06
98.46
98.57
98.99
98.97
98.11
98.86
98.45
97.58
98.06
98.02
98.02
98.86
98.87
98.04
98.01
98.04
98.91
99.03
98.57
97.70
97.72
98.14
98.04
98.46
98.01
97.55
98.01
97.97
97.97
98.45
98.48
98.04
98.43
98.87
98.96
98.52
98.96
98.11
98.04
97.99
98.01
98.02
98.06
97.60
97.56
98.50
98.02
98.04
98.45
98.48
98.04
98.55
98.16
98.11
97.68
98.53
98.12
97.97
98.86
98.87
98.02
98.02
97.56
98.02
98.50
98.87
98.84
98.89
98.16
98.60
98.57
98.46
98.04
98.04
98.48
98.04
98.02
97.61
98.46
98.06
98.07
98.92
98.92
98.58
98.60
97.73
97.70
97.70
97.65
98.16
97.67
98.04
98.02
98.02
98.07
98.52
98.92
98.92
98.50
98.52
98.02
97.67
98.14
98.09
98.12
