24.34
24.33
24.34
24.24
24.22
24.34
24.34
24.38
24.29
24.38
24.36
24.33
24.28
24.28
24.38
24.36
24.38
24.24
24.38
24.38
24.38
24.28
24.28
24.38
24.34
24.38
24.28
24.24
24.38
24.38
24.28
24.24
24.34
24.33
24.34
24.22
24.24
24.38
24.34
24.34
24.22
24.33
24.38
24.38
24.22
24.28
24.38
24.34
24.33
24.22
24.34
24.34
24.38
24.28
24.24
24.38
24.38
24.38
24.28
24.24
24.33
24.34
24.28
24.24
24.38
24.34
24.38
24.22
24.28
24.34
24.33
24.34
24.28
24.34
24.33
24.33
24.22
24.28
24.34
24.34
24.34
24.24
24.33
24.38
24.38
24.24
24.22
24.34
24.33
24.33
24.24
24.28
24.33
24.38
24.24
24.24
24.38
24.33
24.34
24.24
24.28
24.34
24.38
24.26
24.24
24.33
24.34
24.38
24.24
24.24
24.38
24.33
24.34
24.22
24.38
24.33
24.36
24.24
24.24
24.34
24.38
24.34
24.24
24.34
24.34
24.34
24.28
24.28
24.34
24.34
24.33
24.22
24.22
24.33
24.33
24.28
24.24
24.34
24.33
24.34
24.24
24.24
24.33
24.34
24.33
24.28
24.38
24.34
24.34
24.28
24.28
24.38
24.38
24.34
24.29
24.36
24.34
24.38
24.24
24.28
24.38
24.34
24.34
24.28
24.28
24.38
24.33
24.28
24.22
24.34
24.38
24.33
24.22
24.24
24.34
24.34
24.24
24.26
24.36
24.33
24.38
24.24
24.26
24.38
24.34
24.38
24.22
24.40
24.40
24.38
24.29
24.28
24.38
24.38
24.38
24.28
24.31
24.40
24.38
24.28
24.28
24.38
24.38
24.38
24.24
24.26
24.38
24.38
24.29
24.29
24.34
24.34
24.38
24.22
24.28
24.38
24.40
24.40
24.29
24.40
24.38
24.38
24.29
24.28
24.38
24.40
24.38
24.28
24.26
24.36
24.38
24.28
24.28
24.34
24.38
24.34
24.24
24.28
24.38
24.38
24.28
24.28
24.40
24.38
24.38
24.28
24.28
24.34
24.40
24.38
24.24
24.38
24.38
24.38
24.28
24.28
24.38
24.40
24.38
24.28
24.28
24.38
24.38
24.24
24.29
24.40
24.38
24.38
24.28
24.28
24.38
24.38
24.38
24.28
24.38
24.34
24.38
24.28
24.28
24.38
24.40
24.36
24.28
24.38
24.40
24.38
24.29
24.28
24.34
24.38
24.38
24.28
24.28
24.36
24.38
24.24
24.24
24.38
24.38
24.38
24.24
24.26
24.38
24.38
24.28
24.28
24.38
24.38
24.38
24.28
24.28
24.38
24.36
24.34
24.28
24.36
24.36
24.40
24.28
24.24
24.38
24.34
24.36
24.28
24.38
24.38
24.40
24.28
24.28
24.34
24.38
24.38
24.28
24.29
24.38
24.34
24.28
24.29
24.38
24.38
24.34
24.24
24.28
24.34
24.38
24.24
24.24
23.95
24.38
24.38
24.29
24.28
24.38
24.38
24.26
24.29
24.38
24.36
24.38
24.28
24.28
24.38
24.34
24.38
24.28
24.38
24.38
24.38
24.28
24.28
24.38
24.36
24.33
24.28
24.31
24.36
24.40
24.28
24.28
24.38
24.38
24.38
24.28
24.28
24.36
24.40
24.28
24.24
24.36
24.34
24.38
24.26
24.26
24.38
24.36
24.36
24.28
24.38
24.34
24.34
24.28
24.26
24.34
24.38
24.36
24.28
24.38
24.33
24.38
24.22
24.22
24.38
24.33
24.33
24.26
24.22
24.36
24.38
24.22
24.28
24.34
24.33
24.36
24.26
24.28
24.38
24.36
24.33
24.28
24.38
24.34
24.38
24.29
24.24
24.34
24.38
24.34
24.24
24.36
24.34
24.34
24.28
24.22
24.33
24.33
24.38
24.24
24.26
24.33
24.34
24.24
24.26
24.34
24.34
24.34
24.29
24.29
24.36
24.36
24.28
24.28
24.38
24.38
24.38
24.28
24.28
24.38
24.34
24.38
24.22
24.38
24.34
24.38
24.28
24.24
24.38
24.34
24.38
24.28
24.38
24.38
24.34
24.28
24.28
24.38
24.38
24.34
24.28
24.24
24.34
24.33
24.22
24.28
24.33
24.38
24.38
24.28
24.26
24.38
