10.09
10.50
10.09
10.48
10.41
9.97
9.98
10.40
9.97
9.98
9.98
9.97
9.97
10.38
10.43
10.50
10.48
10.50
10.50
10.48
10.50
10.48
10.07
10.50
10.48
10.48
10.50
10.50
10.50
10.50
10.50
10.50
10.07
10.50
10.50
10.50
10.48
10.48
10.50
10.50
10.50
10.50
10.50
10.50
10.50
10.50
10.50
10.50
10.07
10.50
10.38
9.97
10.40
10.40
10.40
9.97
10.40
10.38
9.97
10.38
10.38
10.38
10.38
10.40
10.40
10.38
10.40
10.38
10.38
9.97
10.38
10.40
9.97
10.93
10.50
10.07
10.07
10.48
10.07
10.48
10.07
10.48
10.48
10.50
10.50
10.48
10.07
10.07
10.50
10.50
10.50
10.50
10.50
10.50
10.48
10.07
10.43
9.97
9.97
10.38
9.98
10.38
10.38
9.97
9.97
10.40
10.38
9.97
10.38
10.45
10.50
10.50
10.48
10.50
10.50
10.50
10.09
10.50
10.50
10.09
10.07
10.48
10.50
10.07
10.07
10.50
10.48
10.07
10.07
10.50
10.50
10.50
10.38
10.40
10.38
10.38
10.40
10.38
10.38
10.38
10.40
10.40
10.38
10.38
10.40
10.40
10.38
10.40
10.40
10.38
9.97
10.40
10.38
10.40
10.38
10.40
10.38
10.38
10.40
10.40
9.97
10.40
10.40
10.38
10.40
10.40
10.40
10.40
10.40
10.38
10.50
10.48
10.50
10.48
10.50
10.48
10.50
10.50
10.50
10.50
10.50
10.48
10.50
10.50
10.50
10.50
10.50
10.48
10.50
10.50
10.50
10.48
10.07
10.50
10.50
10.48
10.50
10.50
10.50
10.48
10.48
10.50
10.50
10.48
10.50
10.50
10.50
10.48
10.48
10.40
10.40
10.38
10.38
10.38
10.40
10.38
10.38
10.40
10.38
10.38
10.40
10.40
10.38
10.40
10.40
10.40
10.40
10.38
9.97
10.40
10.40
10.40
10.40
10.40
10.38
9.97
9.97
10.40
10.07
10.50
10.50
10.07
10.48
10.09
10.50
10.48
10.07
10.50
10.91
10.50
10.50
10.50
10.50
10.50
10.50
10.50
10.48
10.50
10.48
10.50
10.50
10.48
10.50
10.48
10.48
10.48
10.48
10.50
10.50
10.50
10.48
10.50
10.50
10.40
10.40
10.40
10.40
10.38
10.40
10.40
10.40
10.38
10.40
10.40
10.40
10.38
10.40
10.38
10.40
10.40
9.97
10.40
10.38
10.38
10.40
10.40
10.40
10.40
10.38
10.38
10.38
10.38
10.40
9.97
10.38
10.38
10.40
10.40
10.38
10.50
10.48
10.48
10.07
10.48
10.50
10.50
10.48
10.48
10.50
10.48
10.50
10.50
10.50
10.50
10.07
10.09
10.50
10.50
10.50
10.09
10.50
10.50
10.50
10.07
10.50
10.50
10.52
10.50
10.38
10.38
9.97
10.40
10.40
9.97
10.40
10.40
10.40
10.38
10.40
10.40
9.97
10.40
10.38
10.40
9.97
9.97
10.38
10.40
10.50
10.50
10.50
10.50
10.50
10.50
10.48
10.48
10.50
10.50
10.50
10.50
10.48
10.48
10.48
10.50
10.50
10.52
10.07
10.50
10.50
10.50
10.50
10.48
10.50
10.50
10.50
10.50
10.91
10.48
10.50
10.50
10.48
10.48
10.48
10.48
10.50
10.48
10.48
10.48
10.50
10.48
10.50
10.48
10.50
10.50
10.38
10.38
10.40
10.40
10.40
10.38
9.97
10.40
10.40
10.38
10.38
10.38
10.40
10.40
10.38
10.40
10.38
10.38
10.40
10.40
10.38
10.40
10.38
10.38
10.40
10.40
10.40
10.40
9.97
10.40
10.40
10.40
10.38
10.40
10.50
10.50
10.09
10.50
10.48
10.48
10.50
10.50
10.48
10.50
10.50
10.50
10.50
10.50
10.48
10.48
10.50
10.48
10.48
10.50
10.48
10.48
10.48
10.50
10.48
10.48
10.07
10.50
10.50
10.07
10.48
10.48
10.07
10.38
10.38
10.38
9.97
10.40
10.38
10.38
10.38
10.38
10.40
10.38
10.40
10.40
10.40
10.38
10.40
10.38
10.40
9.97
10.38
9.97
10.40
10.40
10.38
9.97
10.48
10.50
10.50
