23.94
23.92
24.02
24.02
23.95
23.95
24.07
24.07
24.07
23.92
24.07
24.07
24.04
23.92
23.92
24.04
24.04
23.94
23.92
24.04
24.02
23.95
23.94
24.04
24.06
24.04
23.94
24.02
24.04
24.06
23.94
23.94
24.04
24.02
23.92
23.92
24.04
24.02
24.06
23.94
24.07
24.04
24.04
23.94
23.94
24.04
24.07
23.94
23.94
24.02
24.02
23.94
23.94
24.07
24.06
24.04
23.94
24.02
24.02
24.06
23.95
23.92
24.04
24.04
23.95
23.94
24.04
24.02
24.04
23.94
24.04
24.04
24.04
23.94
24.04
24.04
24.04
23.94
23.95
24.02
24.04
23.92
23.95
24.02
24.04
24.02
23.95
24.04
24.04
24.06
23.92
23.92
24.02
24.02
23.92
23.94
24.06
24.04
23.99
23.94
24.04
24.02
24.02
23.92
24.04
24.02
24.02
23.92
23.95
24.04
24.04
23.92
23.92
24.04
24.02
24.04
23.94
24.02
24.02
24.02
23.92
23.97
24.02
24.06
23.94
23.92
24.07
24.04
23.97
23.97
24.02
24.04
24.02
23.97
24.04
24.02
24.07
23.92
23.94
24.06
24.02
23.92
23.94
24.02
24.07
24.04
23.94
24.02
24.04
24.02
23.92
24.02
24.04
24.06
23.92
23.94
24.02
24.02
23.92
23.92
24.02
24.04
24.02
23.95
24.04
24.02
24.02
23.94
23.92
24.06
24.06
23.92
23.92
24.02
24.06
23.94
23.92
24.02
24.04
24.04
23.92
24.02
24.04
24.04
23.94
23.95
24.02
24.02
23.92
23.94
24.04
24.04
24.06
23.92
24.04
24.02
24.02
23.97
23.92
24.04
24.02
23.97
23.97
24.04
24.04
24.04
23.94
24.02
24.02
24.07
23.94
24.02
24.02
24.04
23.92
23.94
24.04
24.04
23.95
23.90
24.04
24.04
24.04
23.94
24.04
24.04
24.04
23.95
23.92
24.04
24.02
23.94
23.94
24.02
24.07
24.04
23.94
24.04
24.04
24.04
23.92
24.04
24.04
24.04
23.94
23.95
24.04
24.02
23.94
23.94
24.06
24.04
24.06
23.94
24.06
24.04
24.04
23.94
23.94
24.04
24.04
23.97
23.92
24.04
24.04
24.02
23.94
24.02
24.07
24.02
23.97
24.04
24.06
24.04
23.92
23.92
24.06
24.02
23.94
23.94
24.04
24.04
24.02
23.95
24.04
24.02
24.06
23.97
23.92
24.07
24.04
23.92
23.94
24.04
24.02
24.04
23.92
24.02
24.04
24.02
23.94
23.90
24.06
24.04
23.92
23.94
24.06
24.00
23.94
23.92
24.06
24.02
24.04
23.94
24.06
24.04
24.04
23.92
23.95
24.04
24.04
23.92
23.95
24.06
24.04
24.04
23.94
24.04
24.04
24.06
23.94
23.95
24.04
24.04
23.94
23.94
24.04
24.06
24.06
23.94
24.02
24.04
24.04
23.94
23.94
24.04
24.04
23.94
23.92
24.06
24.02
23.94
23.94
24.06
24.04
24.04
23.94
24.04
24.02
24.04
23.95
23.92
24.06
24.02
23.95
23.94
24.07
24.07
24.04
23.97
24.06
24.04
24.02
23.97
23.95
24.06
24.07
23.94
23.94
24.02
24.02
23.92
23.94
24.04
24.02
24.02
23.94
24.02
24.04
24.07
23.92
23.95
24.04
24.04
23.94
23.95
24.04
24.06
24.02
23.94
24.04
24.02
24.02
23.92
24.02
24.04
24.06
23.94
23.94
24.06
24.06
23.92
23.95
24.02
24.02
24.02
23.92
24.04
24.02
24.04
23.94
23.92
24.04
24.02
23.92
23.95
24.04
24.04
24.04
23.92
24.04
24.04
24.04
23.94
23.99
24.07
24.04
23.94
23.94
24.04
24.06
23.94
23.92
24.06
24.02
24.07
23.92
24.02
24.07
24.04
23.94
23.92
24.04
24.02
23.92
23.92
24.02
24.07
24.04
23.95
24.02
24.07
24.02
23.95
23.95
24.02
24.04
23.95
23.92
24.04
24.04
23.94
23.92
24.02
24.07
24.02
23.92
24.07
24.02
24.07
23.97
23.92
24.07
24.02
23.92
23.92
24.02
24.02
24.02
23.92
24.04
24.02
24.04
23.97
23.92
24.02
24.04
23.95
23.94