99.29
99.71
98.81
99.28
98.86
98.84
98.36
99.69
98.34
98.34
98.81
98.79
99.69
98.47
99.34
99.34
98.93
98.45
98.47
99.34
99.81
99.28
98.38
98.81
99.24
99.24
98.33
98.36
99.22
99.24
99.24
97.90
98.34
98.31
98.31
98.78
98.34
98.76
98.78
97.86
98.31
98.31
97.86
98.31
98.79
98.76
98.34
99.26
98.33
98.83
98.83
98.83
98.84
98.40
99.29
98.38
99.28
98.83
98.40
98.86
99.40
98.48
98.95
98.47
99.36
98.91
98.95
98.48
98.91
98.47
99.36
99.36
98.83
98.36
98.81
98.83
99.24
99.22
98.34
99.24
98.36
99.24
98.79
98.81
99.26
99.29
98.38
98.81
98.36
99.28
99.26
98.83
98.79
99.78
98.93
98.91
99.38
98.48
98.91
98.90
98.48
98.93
99.72
98.83
98.36
98.38
98.79
98.36
98.83
98.81
99.26
99.26
99.28
98.86
99.26
98.36
98.40
99.29
98.40
98.84
98.40
98.38
98.36
99.26
99.26
98.81
99.26
98.45
98.93
98.97
98.97
98.50
98.97
98.53
98.97
98.95
98.48
98.95
98.93
99.36
98.45
98.48
99.31
99.31
98.84
98.84
98.40
98.83
98.84
98.38
99.29
98.36
99.26
98.81
98.36
98.86
98.84
98.34
99.26
98.84
98.83
98.38
98.38
98.38
98.38
99.26
99.26
99.28
99.38
98.93
98.45
98.48
98.43
98.48
99.33
98.48
98.91
98.88
98.90
98.90
98.47
99.34
98.93
98.81
99.26
98.38
98.83
98.83
98.84
98.38
99.26
99.28
98.38
98.83
98.36
98.83
98.40
98.84
99.22
99.26
98.81
98.36
98.34
98.84
99.28
97.91
98.81
98.36
99.24
98.36
98.34
98.79
98.84
99.36
98.90
98.91
99.34
99.34
98.91
98.91
99.33
98.48
98.81
98.34
98.79
98.81
98.81
98.33
98.34
98.81
99.26
99.26
98.83
99.22
99.28
99.22
98.36
98.79
99.22
99.22
99.26
98.81
98.81
98.45
98.48
98.90
98.90
98.93
98.90
98.45
98.95
98.90
99.33
98.91
98.95
98.93
98.90
98.43
98.45
99.26
99.26
98.83
98.83
99.24
98.83
98.34
98.33
98.38
98.84
98.81
99.28
98.83
98.83
98.83
98.86
98.36
98.38
98.38
98.38
99.24
99.26
99.22
98.81
99.34
98.91
98.91
99.36
99.36
98.93
98.47
98.91
98.90
99.26
98.33
98.81
99.26
98.83
98.83
98.84
98.33
98.34
98.36
98.31
98.84
98.83
98.81
98.83
98.81
98.38
98.38
98.38
98.81
99.29
99.26
98.38
99.28
98.81
99.28
98.83
98.81
98.40
98.36
98.36
98.34
98.36
98.36
98.83
99.38
98.48
98.95
99.34
98.47
98.43
98.45
98.91
99.33
99.33
98.91
98.90
98.38
98.38
98.41
98.31
98.36
98.38
98.38
98.40
98.43
98.81
98.33
99.26
98.36
99.26
99.28
98.38
98.36
98.83
98.34
98.38
98.36
99.28
99.26
98.38
98.84
99.26
98.83
98.41
98.41
98.84
98.38
98.38
99.26
98.86
98.86
99.26
98.84
98.48
98.50
98.50
98.48
98.50
99.38
98.50
98.48
99.36
98.50
99.36
98.50
98.43
99.38
98.47
98.47
98.95
99.38
99.26
98.40
98.86
98.86
98.88
98.41
98.84
99.28
99.29
98.86
99.24
98.83
99.28
98.40
98.41
98.38
98.36
98.36
98.84
98.38
98.83
98.40
98.83
98.38
98.36
98.83
98.88
98.86
98.40
98.40
98.88
98.40
98.84
98.86
99.41
98.48
98.50
99.41
99.43
98.52
98.95
98.52
98.95
98.97
98.50
98.50
98.95
98.86
98.40
99.31
98.40
99.31
99.31
98.84
98.41
99.28
99.29
99.28
99.29
98.36
99.31
99.29
98.34
99.26
98.86
98.97
99.38
98.97
98.52
98.93
98.50
98.93
98.93
98.50
99.36
98.98
98.50
98.50
98.88
98.84
99.29
98.40
98.38
98.83
98.81
98.38
98.86
99.26
98.84
98.38
98.84
98.86
99.29
98.41
99.29
98.84
99.28
99.29
99.34
99.31
98.97
99.40
98.48
99.40
98.47
