10.35
10.34
9.93
9.83
10.23
9.83
10.25
10.23
10.25
10.25
9.83
9.83
10.25
10.25
9.83
10.35
10.35
10.35
9.95
10.35
9.93
10.35
10.35
10.35
9.93
10.25
10.25
9.84
10.25
9.83
10.25
10.23
9.84
10.25
10.23
10.23
9.83
10.23
10.32
10.35
10.34
10.34
10.34
10.35
10.34
10.34
10.34
10.34
10.34
10.35
10.34
10.35
10.34
10.34
10.34
10.35
10.34
10.34
10.34
10.35
10.34
10.23
10.23
9.83
10.23
10.23
10.25
10.23
10.23
10.25
10.23
10.25
10.23
10.23
10.23
10.25
10.23
10.25
10.25
10.25
10.23
10.25
10.23
10.25
10.34
10.69
10.66
10.34
10.35
10.34
10.37
10.34
10.35
10.35
10.35
10.35
10.35
10.35
10.35
10.34
10.34
10.34
10.34
10.35
10.35
10.35
10.35
10.34
10.35
10.27
10.23
10.23
10.23
10.23
10.23
10.25
10.25
10.25
10.23
10.25
10.25
10.25
10.25
9.83
10.25
10.23
10.23
10.23
10.23
10.23
10.25
10.23
10.32
10.34
9.93
10.34
10.35
10.34
10.34
10.34
10.35
10.35
10.35
10.34
10.35
10.34
10.35
10.35
9.93
10.23
10.23
10.23
9.83
10.23
10.23
10.23
10.25
10.23
10.23
10.25
10.23
10.23
10.23
10.23
10.25
10.23
10.25
10.23
10.23
10.25
10.35
10.35
10.35
10.34
10.35
10.35
10.35
10.35
10.35
10.35
10.35
10.35
10.35
10.34
10.35
10.35
10.35
10.34
10.35
10.35
10.34
10.34
10.35
10.23
10.25
10.25
10.25
10.25
9.83
10.23
10.23
10.23
10.23
10.23
9.83
10.25
10.25
10.23
10.25
10.25
10.25
9.83
9.93
10.35
10.34
10.34
10.35
10.35
9.95
10.34
10.34
10.34
9.95
9.84
9.83
9.83
9.84
9.84
10.25
9.84
9.93
9.93
9.93
10.35
10.34
9.93
9.83
10.69
9.83
9.83
10.23
9.83
9.83
9.83
9.93
9.95
9.95
10.35
9.95
9.93
9.83
9.83
9.83
10.25
9.83
9.83
9.84
9.93
9.93
10.35
10.34
10.37
10.35
9.93
9.93
9.83
9.83
9.83
9.84
9.83
9.84
9.83
9.93
9.93
9.95
9.93
10.35
9.93
9.83
9.83
9.83
9.83
9.83
10.25
9.84
9.93
9.95
9.95
9.93
9.93
9.83
9.83
9.83
9.83
9.84
9.83
10.35
9.95
9.93
10.35
10.34
10.34
9.93
10.34
9.95
9.83
9.84
9.83
9.83
9.84
9.83
9.95
9.93
9.93
10.80
10.35
9.93
9.95
9.83
10.23
9.83
10.25
9.83
9.83
10.23
10.23
10.23
10.25
9.83
9.93
9.93
9.93
9.93
9.93
10.23
10.23
10.23
10.23
10.25
10.25
10.23
10.23
10.23
10.23
10.23
10.25
10.23
10.25
10.23
10.25
9.83
10.25
10.23
9.83
10.35
10.35
10.34
10.35
10.35
10.34
10.35
10.34
9.95
9.93
9.93
9.83
9.83
10.25
9.83
9.83
9.83
9.84
9.93
9.93
9.93
9.93
9.93
10.23
9.84
10.23
9.83
10.23
9.83
9.83
9.83
10.25
9.93
9.95
9.93
9.93
9.93
10.23
10.25
10.25
10.23
9.83
9.83
10.25
10.23
10.23
9.83
9.83
9.93
9.93
9.93
9.93
9.95
9.83
9.83
10.25
10.25
9.83
9.83
9.83
10.25
9.83
9.93
9.95
10.35
9.95
9.93
9.95
9.83
10.23
10.25
9.83
9.83
10.25
9.83
9.84
9.93
9.93
9.93
9.95
9.95
10.23
10.23
10.23
10.23
9.83
9.83
9.83
9.83
10.23
9.83
9.93
10.34
10.35
9.93
10.34
9.93
9.93
9.83
10.25
9.83
10.25
10.23
9.83
10.68
9.83
10.25
10.23
9.83
9.93
9.93
10.34
9.95
9.93
10.35
10.35
9.89
9.83
10.25
10.25
10.25
10.23
9.83
9.83
9.83
9.83
9.93
9.93
9.93
10.35
10.35
9.93
9.83
9.83
9.83
9.83
9.83
10.23
10.25
10.25
9.84
10.34
10.35
10.34
9.95
